v 0.000609 0.015239 -0.000145
v 0.000613 0.014963 -0.000129
v 0.001231 0.015045 0.000632
v 0.001242 0.015383 0.000624
v 0.002033 0.015091 0.000956
v 0.000589 0.015454 -0.000136
v 0.002077 0.015475 0.000933
v 0.002670 0.015077 0.000499
v 0.001200 0.015678 0.000636
v 0.002739 0.015498 0.000464
v 0.002909 0.015066 -0.000280
v 0.002980 0.015498 -0.000324
v 0.002068 0.015838 0.000921
v 0.002751 0.015907 0.000440
v 0.002996 0.015924 -0.000357
v 0.002889 0.016735 -0.000363
v 0.002622 0.016668 0.000454
v 0.002295 0.018498 -0.000052
v 0.002020 0.018340 0.000664
v 0.001910 0.016500 0.000968
v 0.001470 0.018145 0.001208
v 0.000752 0.017987 0.001462
v 0.000814 0.016069 0.000771
v 0.000369 0.015575 -0.000091
v -0.000000 0.016118 0.000891
v 0.000000 0.017921 0.001540
v -0.000000 0.015826 0.000540
v -0.000000 0.015601 -0.000064
v -0.000752 0.017987 0.001462
v -0.000369 0.015575 -0.000091
v -0.000814 0.016069 0.000771
v -0.000589 0.015454 -0.000136
v -0.001910 0.016500 0.000968
v -0.001470 0.018145 0.001208
v -0.002020 0.018340 0.000664
v -0.001200 0.015678 0.000636
v -0.002622 0.016668 0.000454
v -0.002295 0.018498 -0.000052
v -0.002889 0.016735 -0.000363
v -0.002068 0.015838 0.000921
v -0.002751 0.015907 0.000440
v -0.002996 0.015924 -0.000357
v -0.002980 0.015498 -0.000324
v -0.002739 0.015498 0.000464
v -0.002909 0.015066 -0.000280
v -0.002670 0.015077 0.000499
v -0.002077 0.015475 0.000933
v -0.002033 0.015091 0.000956
v -0.001242 0.015383 0.000624
v -0.001231 0.015045 0.000632
v -0.000609 0.015239 -0.000145
v -0.000613 0.014963 -0.000129
v 0.000538 0.004731 -0.000711
v 0.000560 0.003207 -0.000718
v 0.000741 0.003234 -0.000220
v 0.000738 0.004722 -0.000206
v 0.000516 0.006237 -0.000684
v 0.001156 0.003260 0.000046
v 0.000725 0.006216 -0.000120
v 0.000579 0.007670 -0.000554
v 0.001206 0.004715 0.000052
v 0.001588 0.003242 -0.000166
v 0.000786 0.007630 0.000036
v 0.000588 0.008353 -0.000494
v 0.001256 0.006193 0.000153
v 0.001703 0.004699 -0.000164
v 0.000816 0.008303 0.000085
v 0.000584 0.008696 -0.000464
v 0.001964 0.004690 -0.000637
v 0.001790 0.003201 -0.000630
v 0.001809 0.006178 -0.000083
v 0.001762 0.004706 -0.001142
v 0.001676 0.003200 -0.001136
v 0.002066 0.006190 -0.000621
v 0.001279 0.004719 -0.001416
v 0.001254 0.003218 -0.001439
v 0.001821 0.006205 -0.001183
v 0.000771 0.004730 -0.001206
v 0.000768 0.003211 -0.001218
v 0.000560 0.003207 -0.000718
v 0.000538 0.004731 -0.000711
v 0.001310 0.006204 -0.001507
v 0.000772 0.006227 -0.001244
v 0.000516 0.006237 -0.000684
v 0.001347 0.007710 -0.001434
v 0.000819 0.007702 -0.001147
v 0.000579 0.007670 -0.000554
v 0.001860 0.007663 -0.001080
v 0.001366 0.008411 -0.001350
v 0.000831 0.008398 -0.001076
v 0.000588 0.008353 -0.000494
v 0.000584 0.008696 -0.000464
v 0.000833 0.008907 -0.001029
v 0.000578 0.009031 -0.000432
v 0.001390 0.008914 -0.001294
v 0.000834 0.009413 -0.000989
v 0.000572 0.009377 -0.000399
v 0.001890 0.008351 -0.001016
v 0.000879 0.013132 -0.000923
v 0.000538 0.013150 -0.000174
v 0.000613 0.014963 -0.000129
v 0.000957 0.014944 -0.001064
v 0.001423 0.009411 -0.001255
v 0.001650 0.013092 -0.001254
v 0.001854 0.015018 -0.001446
v 0.001938 0.008851 -0.000983
v 0.002387 0.013030 -0.000944
v 0.002600 0.015049 -0.001043
v 0.002909 0.015066 -0.000280
v 0.002004 0.009348 -0.000963
v 0.002678 0.012996 -0.000218
v 0.002670 0.015077 0.000499
v 0.002274 0.009305 -0.000371
v 0.002384 0.012996 0.000522
v 0.002033 0.015091 0.000956
v 0.002230 0.008971 -0.000397
v 0.002009 0.009271 0.000227
v 0.001718 0.013041 0.000892
v 0.001231 0.015045 0.000632
v 0.002193 0.008633 -0.000421
v 0.001972 0.008934 0.000184
v 0.001427 0.009271 0.000512
v 0.000999 0.013121 0.000518
v 0.000613 0.014963 -0.000129
v 0.000538 0.013150 -0.000174
v 0.000853 0.009330 0.000201
v 0.000572 0.009377 -0.000399
v 0.001400 0.008929 0.000457
v 0.000839 0.008988 0.000158
v 0.000578 0.009031 -0.000432
v 0.001939 0.008594 0.000144
v 0.001376 0.008588 0.000404
v 0.000827 0.008644 0.000119
v 0.001357 0.008253 0.000357
v 0.001917 0.008257 0.000111
v 0.002167 0.008293 -0.000446
v 0.001324 0.007592 0.000306
v 0.001885 0.007585 0.000064
v 0.002130 0.007612 -0.000497
v -0.000560 0.003207 -0.000718
v -0.000538 0.004731 -0.000711
v -0.000741 0.003234 -0.000220
v -0.000738 0.004722 -0.000206
v -0.000516 0.006237 -0.000684
v -0.001156 0.003260 0.000046
v -0.000725 0.006216 -0.000120
v -0.000579 0.007670 -0.000554
v -0.001206 0.004715 0.000052
v -0.001588 0.003242 -0.000166
v -0.000786 0.007630 0.000036
v -0.000588 0.008353 -0.000494
v -0.001256 0.006193 0.000153
v -0.001703 0.004699 -0.000164
v -0.000816 0.008303 0.000085
v -0.000584 0.008696 -0.000464
v -0.001809 0.006178 -0.000083
v -0.001964 0.004690 -0.000637
v -0.001790 0.003201 -0.000630
v -0.001324 0.007592 0.000306
v -0.001762 0.004706 -0.001142
v -0.001676 0.003200 -0.001136
v -0.001885 0.007585 0.000064
v -0.001357 0.008253 0.000357
v -0.000827 0.008644 0.000119
v -0.000578 0.009031 -0.000432
v -0.001917 0.008257 0.000111
v -0.000839 0.008988 0.000158
v -0.000572 0.009377 -0.000399
v -0.001376 0.008588 0.000404
v -0.000853 0.009330 0.000201
v -0.000538 0.013150 -0.000174
v -0.001400 0.008929 0.000457
v -0.000999 0.013121 0.000518
v -0.000613 0.014963 -0.000129
v -0.001231 0.015045 0.000632
v -0.001427 0.009271 0.000512
v -0.001718 0.013041 0.000892
v -0.002033 0.015091 0.000956
v -0.001972 0.008934 0.000184
v -0.002384 0.012996 0.000522
v -0.002670 0.015077 0.000499
v -0.002009 0.009271 0.000227
v -0.002678 0.012996 -0.000218
v -0.002909 0.015066 -0.000280
v -0.002274 0.009305 -0.000371
v -0.002387 0.013030 -0.000944
v -0.002600 0.015049 -0.001043
v -0.001854 0.015018 -0.001446
v -0.002230 0.008971 -0.000397
v -0.002004 0.009348 -0.000963
v -0.001650 0.013092 -0.001254
v -0.000957 0.014944 -0.001064
v -0.001423 0.009411 -0.001255
v -0.000879 0.013132 -0.000923
v -0.000613 0.014963 -0.000129
v -0.000538 0.013150 -0.000174
v -0.000572 0.009377 -0.000399
v -0.000834 0.009413 -0.000989
v -0.000578 0.009031 -0.000432
v -0.001938 0.008851 -0.000983
v -0.001390 0.008914 -0.001294
v -0.000833 0.008907 -0.001029
v -0.000584 0.008696 -0.000464
v -0.000831 0.008398 -0.001076
v -0.000588 0.008353 -0.000494
v -0.000579 0.007670 -0.000554
v -0.000819 0.007702 -0.001147
v -0.000516 0.006237 -0.000684
v -0.001366 0.008412 -0.001350
v -0.000772 0.006227 -0.001244
v -0.000538 0.004731 -0.000711
v -0.001347 0.007710 -0.001434
v -0.001890 0.008351 -0.001016
v -0.001860 0.007663 -0.001080
v -0.001310 0.006204 -0.001507
v -0.002193 0.008633 -0.000421
v -0.001821 0.006205 -0.001183
v -0.001939 0.008594 0.000144
v -0.002167 0.008293 -0.000446
v -0.002130 0.007612 -0.000497
v -0.002066 0.006190 -0.000621
v -0.001279 0.004719 -0.001416
v -0.001254 0.003218 -0.001439
v -0.000771 0.004730 -0.001206
v -0.000768 0.003211 -0.001218
v -0.000560 0.003207 -0.000718
v 0.000644 0.028187 0.004406
v 0.000616 0.028210 0.004419
v 0.000650 0.028228 0.004477
v 0.000718 0.028200 0.004492
v 0.000665 0.028146 0.004404
v 0.000625 0.028244 0.004527
v 0.000743 0.028167 0.004516
v 0.000670 0.028076 0.004439
v 0.000663 0.028218 0.004595
v 0.000736 0.028090 0.004560
v 0.000649 0.027953 0.004479
v 0.000697 0.027959 0.004588
v 0.000632 0.027784 0.004500
v 0.000670 0.028112 0.004672
v 0.000480 0.028237 0.004647
v 0.000645 0.027955 0.004694
v 0.000674 0.027787 0.004598
v 0.000692 0.027628 0.004610
v 0.000641 0.027625 0.004483
v 0.000628 0.027766 0.004704
v 0.000489 0.028123 0.004739
v 0.000723 0.027531 0.004618
v 0.000673 0.027470 0.004441
v 0.000638 0.027603 0.004740
v 0.000754 0.027405 0.004613
v 0.000673 0.027266 0.004409
v 0.000659 0.027505 0.004774
v 0.000520 0.027753 0.004772
v 0.000511 0.027954 0.004760
v 0.000510 0.027585 0.004809
v 0.000409 0.027765 0.004721
v 0.000376 0.027962 0.004700
v 0.000381 0.027600 0.004749
v 0.000315 0.028123 0.004678
v 0.000362 0.027787 0.004615
v 0.000325 0.027969 0.004595
v 0.000328 0.027628 0.004622
v 0.000279 0.027536 0.004624
v 0.000383 0.027624 0.004500
v 0.000407 0.027784 0.004513
v 0.000377 0.027960 0.004486
v 0.000320 0.027472 0.004455
v 0.000320 0.028096 0.004447
v 0.000222 0.027405 0.004624
v 0.000281 0.027264 0.004438
v 0.000255 0.028113 0.004569
v 0.000229 0.028196 0.004518
v 0.000299 0.028177 0.004405
v 0.000296 0.028233 0.004593
v 0.000318 0.028211 0.004395
v 0.000245 0.028180 0.004483
v 0.000311 0.028252 0.004460
v 0.000347 0.028230 0.004400
v 0.000334 0.028267 0.004514
v 0.000486 0.028264 0.004536
v 0.000481 0.028251 0.004462
v 0.000311 0.028252 0.004460
v 0.000650 0.028228 0.004477
v 0.000347 0.028230 0.004400
v 0.000616 0.028210 0.004419
v 0.000477 0.028227 0.004394
v 0.000468 0.028209 0.004367
v 0.000318 0.028211 0.004395
v 0.000644 0.028187 0.004406
v 0.000462 0.028173 0.004359
v 0.000299 0.028177 0.004405
v 0.000665 0.028146 0.004404
v 0.000320 0.028096 0.004447
v 0.000485 0.028095 0.004387
v 0.000670 0.028076 0.004439
v 0.000377 0.027960 0.004486
v 0.000517 0.027961 0.004427
v 0.000649 0.027953 0.004479
v 0.000407 0.027784 0.004513
v 0.000523 0.027785 0.004453
v 0.000632 0.027784 0.004500
v 0.000641 0.027625 0.004483
v 0.000517 0.027621 0.004429
v 0.000383 0.027624 0.004500
v 0.000673 0.027470 0.004441
v 0.000502 0.027467 0.004371
v 0.000320 0.027472 0.004455
v 0.000673 0.027266 0.004409
v 0.000478 0.027265 0.004347
v 0.000281 0.027264 0.004438
v 0.000625 0.027148 0.004450
v 0.000474 0.027142 0.004409
v 0.000324 0.027146 0.004482
v 0.000583 0.027107 0.004495
v 0.000367 0.027105 0.004521
v 0.000475 0.027096 0.004482
v 0.000475 0.027078 0.004572
v 0.000602 0.027099 0.004565
v 0.000348 0.027096 0.004594
v 0.000581 0.027093 0.004639
v 0.000369 0.027091 0.004663
v 0.000475 0.027076 0.004676
v 0.002240 0.018552 -0.000556
v 0.002295 0.018498 -0.000052
v 0.002889 0.016735 -0.000363
v 0.002757 0.016718 -0.000938
v 0.001875 0.018563 -0.001184
v 0.002850 0.015905 -0.000918
v 0.002996 0.015924 -0.000357
v 0.002233 0.016631 -0.001639
v 0.001340 0.018540 -0.001632
v 0.002840 0.015485 -0.000876
v 0.002980 0.015498 -0.000324
v 0.002909 0.015066 -0.000280
v 0.002600 0.015049 -0.001043
v 0.002230 0.015827 -0.001564
v 0.001508 0.016552 -0.002057
v 0.000689 0.018509 -0.001848
v 0.002183 0.015427 -0.001468
v 0.001854 0.015018 -0.001446
v 0.001365 0.015766 -0.001817
v 0.000754 0.016566 -0.002204
v 0.001137 0.015341 -0.001487
v 0.000957 0.014944 -0.001064
v 0.000639 0.015847 -0.001816
v -0.000000 0.016586 -0.002247
v 0.000000 0.018495 -0.001921
v -0.000689 0.018509 -0.001848
v 0.000627 0.015176 -0.000878
v 0.000613 0.014963 -0.000129
v 0.000609 0.015239 -0.000145
v 0.000520 0.015581 -0.001414
v 0.000401 0.015450 -0.000821
v 0.000589 0.015454 -0.000136
v 0.000369 0.015575 -0.000091
v -0.000000 0.015887 -0.001762
v -0.000000 0.015686 -0.001373
v -0.000000 0.015567 -0.000787
v -0.000000 0.015601 -0.000064
v -0.000369 0.015575 -0.000091
v -0.000401 0.015450 -0.000821
v -0.000589 0.015454 -0.000136
v -0.000609 0.015239 -0.000145
v -0.000520 0.015581 -0.001414
v -0.000627 0.015176 -0.000878
v -0.000613 0.014963 -0.000129
v -0.000957 0.014944 -0.001064
v -0.000639 0.015847 -0.001816
v -0.001137 0.015341 -0.001487
v -0.001854 0.015018 -0.001446
v -0.000754 0.016566 -0.002204
v -0.001365 0.015766 -0.001817
v -0.002183 0.015427 -0.001468
v -0.002600 0.015049 -0.001043
v -0.001508 0.016552 -0.002057
v -0.001340 0.018540 -0.001632
v -0.002230 0.015827 -0.001564
v -0.002840 0.015485 -0.000876
v -0.002909 0.015066 -0.000280
v -0.002980 0.015498 -0.000324
v -0.002996 0.015924 -0.000357
v -0.002850 0.015905 -0.000918
v -0.002889 0.016735 -0.000363
v -0.002233 0.016631 -0.001639
v -0.001875 0.018563 -0.001184
v -0.002757 0.016718 -0.000938
v -0.002240 0.018552 -0.000556
v -0.002295 0.018498 -0.000052
v 0.000367 0.027105 0.004521
v 0.000348 0.027096 0.004594
v 0.000324 0.027146 0.004482
v 0.000271 0.027140 0.004610
v 0.000369 0.027091 0.004663
v 0.000209 0.027252 0.004621
v 0.000326 0.027123 0.004718
v 0.000283 0.027231 0.004786
v 0.000297 0.027379 0.004802
v 0.000475 0.027106 0.004769
v 0.000475 0.027076 0.004676
v 0.000477 0.027216 0.004862
v 0.000623 0.027125 0.004691
v 0.000581 0.027093 0.004639
v 0.000671 0.027233 0.004766
v 0.000488 0.027361 0.004886
v 0.000343 0.027507 0.004776
v 0.000501 0.027489 0.004850
v 0.000679 0.027378 0.004797
v 0.000744 0.027255 0.004589
v 0.000678 0.027143 0.004571
v 0.000625 0.027148 0.004450
v 0.000602 0.027099 0.004565
v 0.000583 0.027107 0.004495
v 0.000256 0.027963 0.002848
v 0.000263 0.028136 0.002831
v 0.000670 0.027963 0.003103
v -0.000256 0.027963 0.002848
v 0.000687 0.028136 0.003092
v 0.000828 0.027963 0.003515
v -0.000263 0.028136 0.002831
v -0.000670 0.027963 0.003103
v 0.000850 0.028136 0.003515
v -0.000687 0.028136 0.003092
v -0.000828 0.027963 0.003515
v 0.000687 0.028136 0.003938
v 0.000670 0.027963 0.003927
v 0.000705 0.028299 0.003515
v 0.000263 0.028136 0.004199
v 0.000256 0.027963 0.004182
v 0.000570 0.028299 0.003866
v 0.000570 0.028299 0.003164
v 0.000512 0.028382 0.003515
v 0.000218 0.028299 0.002947
v 0.000414 0.028382 0.003260
v 0.000414 0.028382 0.003770
v 0.000269 0.028435 0.003515
v 0.000158 0.028382 0.003103
v 0.000218 0.028435 0.003381
v -0.000218 0.028299 0.002947
v -0.000570 0.028299 0.003164
v -0.000158 0.028382 0.003103
v 0.000083 0.028435 0.003298
v -0.000414 0.028382 0.003260
v -0.000083 0.028435 0.003298
v -0.000218 0.028435 0.003381
v -0.000000 0.028453 0.003515
v -0.000269 0.028435 0.003515
v -0.000512 0.028382 0.003515
v -0.000705 0.028299 0.003515
v -0.000414 0.028382 0.003770
v -0.000850 0.028136 0.003515
v -0.000570 0.028299 0.003866
v -0.000687 0.028136 0.003938
v -0.000670 0.027963 0.003927
v -0.000263 0.028136 0.004199
v -0.000256 0.027963 0.004182
v -0.000218 0.028299 0.004082
v 0.000218 0.028299 0.004082
v -0.000158 0.028382 0.003927
v -0.000218 0.028435 0.003649
v 0.000158 0.028382 0.003927
v -0.000083 0.028435 0.003732
v 0.000218 0.028435 0.003649
v 0.000083 0.028435 0.003732
v 0.000583 0.027091 0.004641
v 0.000369 0.027090 0.004663
v 0.000583 0.027106 0.004494
v 0.000367 0.027104 0.004521
v 0.000280 0.027263 0.004436
v 0.000673 0.027265 0.004408
v 0.000643 0.027625 0.004481
v 0.000381 0.027624 0.004500
v 0.000376 0.027960 0.004485
v 0.000650 0.027953 0.004478
v 0.000617 0.028210 0.004418
v 0.000347 0.028230 0.004400
v 0.000332 0.028269 0.004516
v 0.000627 0.028245 0.004528
v 0.000650 0.027953 0.004478
v 0.000617 0.028210 0.004418
v 0.000647 0.027956 0.004696
v 0.000643 0.027625 0.004481
v 0.000376 0.027960 0.004485
v 0.000347 0.028230 0.004400
v 0.000510 0.027586 0.004811
v 0.000374 0.027963 0.004702
v 0.000381 0.027624 0.004500
v 0.000757 0.027404 0.004614
v 0.000221 0.027405 0.004625
v 0.000280 0.027263 0.004436
v 0.000489 0.027360 0.004888
v 0.000643 0.027625 0.004481
v 0.000673 0.027265 0.004408
v 0.000282 0.027230 0.004787
v 0.000367 0.027104 0.004521
v 0.000369 0.027090 0.004663
v 0.000583 0.027091 0.004641
v 0.000583 0.027106 0.004494
v 0.000609 0.015239 -0.000145
v 0.000613 0.014963 -0.000129
v 0.001232 0.015045 0.000631
v 0.001201 0.015678 0.000634
v 0.002033 0.015091 0.000956
v 0.000589 0.015454 -0.000136
v 0.002068 0.015838 0.000921
v 0.002670 0.015077 0.000499
v 0.000814 0.016069 0.000771
v 0.000369 0.015572 -0.000089
v 0.001910 0.016500 0.000968
v 0.002751 0.015907 0.000440
v 0.002927 0.015064 -0.000274
v 0.002996 0.015924 -0.000357
v 0.002889 0.016735 -0.000363
v 0.002622 0.016668 0.000454
v 0.002295 0.018498 -0.000052
v 0.002020 0.018340 0.000664
v 0.001470 0.018145 0.001208
v 0.000752 0.017987 0.001462
v -0.000000 0.016108 0.000897
v -0.000752 0.017987 0.001462
v -0.000369 0.015572 -0.000089
v -0.000814 0.016069 0.000771
v -0.000589 0.015454 -0.000136
v -0.001911 0.016500 0.000969
v -0.001470 0.018145 0.001208
v -0.001201 0.015678 0.000634
v -0.000609 0.015239 -0.000145
v -0.002020 0.018340 0.000664
v -0.001232 0.015045 0.000631
v -0.000613 0.014963 -0.000129
v -0.002035 0.015091 0.000958
v -0.002622 0.016668 0.000454
v -0.002295 0.018498 -0.000052
v -0.002889 0.016735 -0.000363
v -0.002751 0.015907 0.000440
v -0.002670 0.015077 0.000499
v -0.002996 0.015924 -0.000357
v -0.002927 0.015064 -0.000274
v 0.000519 0.006237 -0.000685
v 0.000559 0.003207 -0.000718
v 0.000744 0.003234 -0.000223
v 0.000727 0.006216 -0.000121
v 0.001157 0.003261 0.000036
v 0.000583 0.008696 -0.000462
v 0.001257 0.006194 0.000144
v 0.000819 0.008643 0.000128
v 0.000537 0.013150 -0.000174
v 0.001587 0.003242 -0.000169
v 0.000999 0.013121 0.000519
v 0.000613 0.014963 -0.000129
v 0.001232 0.015045 0.000631
v 0.001375 0.008586 0.000421
v 0.001718 0.013041 0.000893
v 0.002033 0.015091 0.000956
v 0.001949 0.008592 0.000155
v 0.002387 0.012995 0.000524
v 0.002670 0.015077 0.000499
v 0.002927 0.015064 -0.000274
v 0.001808 0.006178 -0.000085
v 0.002204 0.008632 -0.000417
v 0.002071 0.006189 -0.000621
v 0.001799 0.003200 -0.000631
v 0.002387 0.013030 -0.000944
v 0.002603 0.015049 -0.001045
v 0.001854 0.015018 -0.001446
v 0.001946 0.008851 -0.000991
v 0.001776 0.004706 -0.001155
v 0.001676 0.003200 -0.001136
v 0.001253 0.003219 -0.001424
v 0.001311 0.006205 -0.001507
v 0.001389 0.008914 -0.001285
v 0.001650 0.013092 -0.001252
v 0.000957 0.014944 -0.001064
v 0.000879 0.013132 -0.000923
v 0.000613 0.014963 -0.000129
v 0.000537 0.013150 -0.000174
v 0.000583 0.008696 -0.000462
v 0.000834 0.008907 -0.001027
v 0.000519 0.006237 -0.000685
v 0.000772 0.006227 -0.001244
v 0.000559 0.003207 -0.000718
v 0.000770 0.003211 -0.001216
v -0.000559 0.003207 -0.000718
v -0.000519 0.006237 -0.000685
v -0.000744 0.003234 -0.000223
v -0.000727 0.006216 -0.000121
v -0.000583 0.008696 -0.000462
v -0.001157 0.003261 0.000036
v -0.000819 0.008643 0.000128
v -0.000537 0.013150 -0.000174
v -0.001257 0.006194 0.000144
v -0.001587 0.003242 -0.000169
v -0.000999 0.013121 0.000519
v -0.000613 0.014963 -0.000129
v -0.001232 0.015045 0.000631
v -0.001375 0.008586 0.000421
v -0.001718 0.013041 0.000893
v -0.002035 0.015091 0.000958
v -0.001949 0.008592 0.000155
v -0.002387 0.012995 0.000524
v -0.002670 0.015077 0.000499
v -0.002927 0.015064 -0.000274
v -0.001808 0.006178 -0.000085
v -0.002204 0.008632 -0.000417
v -0.002071 0.006189 -0.000621
v -0.001799 0.003200 -0.000631
v -0.001677 0.003200 -0.001137
v -0.002388 0.013030 -0.000944
v -0.002603 0.015049 -0.001045
v -0.001854 0.015018 -0.001446
v -0.001937 0.008851 -0.000982
v -0.001820 0.006205 -0.001183
v -0.001309 0.006205 -0.001504
v -0.001253 0.003219 -0.001425
v -0.001389 0.008914 -0.001286
v -0.000772 0.006227 -0.001244
v -0.000770 0.003211 -0.001216
v -0.000559 0.003207 -0.000718
v -0.000519 0.006237 -0.000685
v -0.000834 0.008907 -0.001027
v -0.000583 0.008696 -0.000462
v -0.001650 0.013092 -0.001252
v -0.000957 0.014944 -0.001064
v -0.000879 0.013132 -0.000923
v -0.000537 0.013150 -0.000174
v -0.000613 0.014963 -0.000129
v 0.002240 0.018552 -0.000556
v 0.002295 0.018498 -0.000052
v 0.002889 0.016735 -0.000363
v 0.002757 0.016718 -0.000938
v 0.001875 0.018563 -0.001184
v 0.002857 0.015904 -0.000922
v 0.002996 0.015924 -0.000357
v 0.002927 0.015064 -0.000274
v 0.002603 0.015049 -0.001045
v 0.002233 0.016631 -0.001639
v 0.001340 0.018540 -0.001632
v 0.002184 0.015421 -0.001479
v 0.001854 0.015018 -0.001446
v 0.001509 0.016549 -0.002064
v 0.000689 0.018509 -0.001848
v 0.001137 0.015341 -0.001487
v 0.000957 0.014944 -0.001064
v 0.000637 0.015833 -0.001833
v -0.000000 0.016586 -0.002247
v -0.000689 0.018509 -0.001848
v 0.000627 0.015175 -0.000878
v 0.000613 0.014963 -0.000129
v 0.000609 0.015239 -0.000145
v 0.000399 0.015445 -0.000824
v 0.000589 0.015454 -0.000136
v 0.000369 0.015572 -0.000089
v -0.000000 0.015881 -0.001765
v -0.000000 0.015562 -0.000789
v -0.000369 0.015572 -0.000089
v -0.000399 0.015445 -0.000824
v -0.000589 0.015454 -0.000136
v -0.000609 0.015239 -0.000145
v -0.000637 0.015833 -0.001833
v -0.000627 0.015175 -0.000878
v -0.000613 0.014963 -0.000129
v -0.000957 0.014944 -0.001064
v -0.001137 0.015341 -0.001487
v -0.001854 0.015018 -0.001446
v -0.001509 0.016549 -0.002064
v -0.001340 0.018540 -0.001632
v -0.002184 0.015421 -0.001479
v -0.002603 0.015049 -0.001045
v -0.002233 0.016631 -0.001639
v -0.001875 0.018563 -0.001184
v -0.002857 0.015904 -0.000922
v -0.002927 0.015064 -0.000274
v -0.002996 0.015924 -0.000357
v -0.002889 0.016735 -0.000363
v -0.002757 0.016718 -0.000938
v -0.002240 0.018552 -0.000556
v -0.002295 0.018498 -0.000052
v -0.000670 0.027963 0.003103
v -0.000570 0.028299 0.003164
v -0.000263 0.028136 0.002831
v -0.000849 0.028136 0.003515
v 0.000263 0.028136 0.002831
v -0.000570 0.028299 0.003866
v -0.000686 0.028132 0.003939
v -0.000264 0.028134 0.004200
v 0.000571 0.028300 0.003164
v 0.000687 0.028136 0.003092
v 0.000850 0.028137 0.003515
v -0.000083 0.028440 0.003734
v 0.000261 0.028134 0.004201
v 0.000571 0.028302 0.003866
v 0.000686 0.028131 0.003939
v 0.000593 0.015461 -0.000138
v 0.000577 0.014963 -0.000128
v 0.001166 0.015048 0.000688
v 0.000826 0.016077 0.000748
v 0.002121 0.015086 0.001085
v 0.001910 0.016500 0.000968
v 0.002965 0.015065 -0.000251
v 0.002898 0.016734 -0.000368
v 0.002020 0.018340 0.000664
v 0.002295 0.018498 -0.000052
v 0.000752 0.017987 0.001462
v 0.000001 0.016110 0.000897
v -0.000752 0.017987 0.001462
v -0.000390 0.015587 -0.000100
v -0.000824 0.016072 0.000758
v -0.001916 0.016502 0.000962
v -0.002020 0.018340 0.000664
v -0.001175 0.015047 0.000693
v -0.002622 0.016668 0.000454
v -0.002295 0.018498 -0.000052
v -0.002898 0.016734 -0.000367
v -0.002022 0.015088 0.001007
v -0.002909 0.015066 -0.000276
v -0.002718 0.015069 0.000550
v -0.000590 0.014967 -0.000123
v 0.000477 0.006229 -0.000650
v 0.000529 0.003204 -0.000732
v 0.001121 0.003241 0.000060
v 0.001238 0.006190 0.000204
v 0.001626 0.003241 -0.000155
v 0.000494 0.008693 -0.000405
v 0.001723 0.003200 -0.001158
v 0.002133 0.006190 -0.000583
v 0.001231 0.003223 -0.001446
v 0.000529 0.003204 -0.000732
v 0.000760 0.006236 -0.001256
v 0.000477 0.006229 -0.000650
v 0.001314 0.006205 -0.001510
v 0.000838 0.008907 -0.001026
v 0.000494 0.008693 -0.000405
v 0.001944 0.008852 -0.000994
v 0.001387 0.008916 -0.001252
v 0.000969 0.014948 -0.001052
v 0.000577 0.014963 -0.000128
v 0.001856 0.015017 -0.001397
v 0.002594 0.015050 -0.001039
v 0.002280 0.008624 -0.000355
v 0.002965 0.015065 -0.000251
v 0.002121 0.015086 0.001085
v 0.001365 0.008574 0.000523
v 0.001166 0.015048 0.000688
v 0.000577 0.014963 -0.000128
v -0.000530 0.006238 -0.000685
v -0.000706 0.006206 -0.000103
v -0.000522 0.003198 -0.000725
v -0.001140 0.003247 0.000049
v -0.000468 0.008696 -0.000456
v -0.001283 0.006192 0.000167
v -0.001623 0.003241 -0.000152
v -0.001387 0.008573 0.000558
v -0.002149 0.006189 -0.000602
v -0.001713 0.003201 -0.001148
v -0.001175 0.015047 0.000693
v -0.000590 0.014967 -0.000123
v -0.002022 0.015088 0.001007
v -0.002718 0.015069 0.000550
v -0.002282 0.008624 -0.000427
v -0.002909 0.015066 -0.000276
v -0.002612 0.015048 -0.001058
v -0.001382 0.008917 -0.001328
v -0.001859 0.015019 -0.001386
v -0.000969 0.014952 -0.001060
v -0.000468 0.008696 -0.000456
v -0.000590 0.014967 -0.000123
v -0.000748 0.006237 -0.001271
v -0.000530 0.006238 -0.000685
v -0.001349 0.006203 -0.001544
v -0.001229 0.003224 -0.001443
v -0.000522 0.003198 -0.000725
v 0.000367 0.027970 0.004716
v 0.000655 0.027623 0.004483
v 0.000612 0.028221 0.004419
v 0.000367 0.027970 0.004716
v 0.000612 0.028221 0.004419
v 0.000655 0.027623 0.004483
v 0.000367 0.027970 0.004716
v 0.000655 0.027623 0.004483
v 0.000275 0.027257 0.004437
v 0.000585 0.027080 0.004660
v 0.001875 0.018563 -0.001184
v 0.002295 0.018498 -0.000052
v 0.002898 0.016734 -0.000368
v 0.002238 0.016624 -0.001661
v 0.002594 0.015050 -0.001039
v 0.000689 0.018509 -0.001848
v 0.002965 0.015065 -0.000251
v 0.001856 0.015017 -0.001397
v 0.000643 0.015836 -0.001844
v -0.000003 0.016583 -0.002260
v 0.000969 0.014948 -0.001052
v -0.001340 0.018540 -0.001632
v 0.000593 0.015461 -0.000138
v 0.000577 0.014963 -0.000128
v -0.000001 0.015580 -0.000789
v -0.000009 0.015894 -0.001757
v -0.000390 0.015587 -0.000100
v -0.000969 0.014952 -0.001060
v -0.000590 0.014967 -0.000123
v -0.001859 0.015019 -0.001386
v -0.002898 0.016734 -0.000367
v -0.002612 0.015048 -0.001058
v -0.002909 0.015066 -0.000276
v -0.002237 0.016627 -0.001654
v -0.002295 0.018498 -0.000052
v 0.000367 0.027970 0.004716
v 0.000275 0.027257 0.004437
v 0.000585 0.027080 0.004660
v 0.000655 0.027623 0.004483
v 0.000831 0.027961 0.003519
v 0.000264 0.028138 0.002830
v 0.000582 0.028300 0.003885
v -0.000699 0.028141 0.003103
v -0.000274 0.028138 0.004222
vn -0.8922 -0.2563 0.3717
vn -0.9837 0.0020 0.1799
vn -0.6044 0.0313 0.7961
vn -0.5601 -0.0059 0.8284
vn 0.1037 -0.0313 0.9941
vn -0.6497 -0.5577 0.5166
vn 0.1625 0.0117 0.9866
vn 0.7929 -0.0998 0.6011
vn -0.3501 -0.3149 0.8822
vn 0.8239 -0.0372 0.5655
vn 0.9908 -0.1351 -0.0118
vn 0.9914 -0.1252 0.0371
vn 0.2288 -0.0548 0.9719
vn 0.8195 0.0821 0.5672
vn 0.9940 0.0802 0.0743
vn 0.9632 0.2447 0.1116
vn 0.8061 0.1683 0.5674
vn 0.9430 0.2915 0.1604
vn 0.7851 0.1782 0.5932
vn 0.3307 -0.0920 0.9393
vn 0.3519 -0.0997 0.9307
vn 0.1135 -0.2817 0.9528
vn 0.0294 -0.3817 0.9238
vn -0.1663 -0.9017 0.3990
vn -0.0000 -0.3818 0.9242
vn -0.0000 -0.3367 0.9416
vn -0.0000 -0.8861 0.4636
vn -0.0000 -0.9510 0.3092
vn -0.1135 -0.2817 0.9528
vn 0.1663 -0.9017 0.3990
vn -0.0294 -0.3817 0.9238
vn 0.6497 -0.5577 0.5166
vn -0.3307 -0.0920 0.9393
vn -0.3519 -0.0997 0.9307
vn -0.7851 0.1782 0.5932
vn 0.3501 -0.3149 0.8822
vn -0.8061 0.1683 0.5674
vn -0.9430 0.2915 0.1604
vn -0.9632 0.2447 0.1116
vn -0.2288 -0.0548 0.9719
vn -0.8195 0.0822 0.5672
vn -0.9940 0.0802 0.0743
vn -0.9914 -0.1252 0.0371
vn -0.8239 -0.0372 0.5655
vn -0.9908 -0.1351 -0.0118
vn -0.7929 -0.0998 0.6011
vn -0.1625 0.0118 0.9866
vn -0.1037 -0.0313 0.9941
vn 0.5601 -0.0059 0.8284
vn 0.6044 0.0313 0.7961
vn 0.8922 -0.2563 0.3717
vn 0.9837 0.0020 0.1799
vn -0.9992 -0.0117 -0.0371
vn -0.9992 -0.0078 -0.0391
vn -0.7810 -0.0039 0.6245
vn -0.7650 -0.0215 0.6437
vn -0.9989 0.0137 -0.0451
vn -0.0665 -0.0137 0.9977
vn -0.7593 -0.0372 0.6497
vn -0.9989 0.0353 -0.0294
vn -0.0489 -0.0431 0.9979
vn 0.7009 -0.0607 0.7107
vn -0.7503 -0.0333 0.6602
vn -0.9993 0.0195 -0.0333
vn -0.0391 -0.0899 0.9952
vn 0.6924 -0.0724 0.7179
vn -0.7503 -0.0353 0.6602
vn -0.9999 -0.0000 0.0118
vn 0.9956 -0.0802 0.0489
vn 0.9935 -0.0919 0.0665
vn 0.6922 -0.0939 0.7156
vn 0.7730 -0.0548 -0.6321
vn 0.7887 -0.0528 -0.6126
vn 0.9984 -0.0568 -0.0020
vn 0.0685 -0.0254 -0.9973
vn 0.0743 -0.0000 -0.9972
vn 0.7550 -0.0177 -0.6555
vn -0.7081 -0.0098 -0.7061
vn -0.7071 0.0059 -0.7071
vn 0.0587 0.0039 -0.9983
vn -0.7176 0.0235 -0.6961
vn 0.0609 0.0724 -0.9955
vn -0.7340 0.0724 -0.6753
vn 0.7596 0.0235 -0.6500
vn 0.0528 0.0940 -0.9942
vn -0.7317 0.0802 -0.6769
vn -0.9993 0.0196 -0.0332
vn -0.9999 -0.0000 0.0117
vn -0.6885 0.0704 -0.7218
vn -0.9998 -0.0059 0.0176
vn 0.0372 0.0646 -0.9972
vn -0.7069 0.0255 -0.7069
vn -0.9987 -0.0039 0.0509
vn 0.7442 0.0176 -0.6678
vn -0.7129 0.0098 -0.7012
vn -0.9959 0.0117 0.0900
vn -0.9837 0.0019 0.1799
vn -0.6750 -0.0783 -0.7337
vn 0.0039 0.0019 -1.0000
vn -0.0000 -0.0372 -0.9993
vn 0.0372 -0.1567 -0.9869
vn 0.7011 -0.0196 -0.7128
vn 0.7190 -0.0862 -0.6896
vn 0.7412 -0.1369 -0.6571
vn 0.7116 -0.0626 -0.6998
vn 0.9933 -0.1154 -0.0019
vn 0.7929 -0.0999 0.6011
vn 0.9933 -0.1154 -0.0039
vn 0.7466 -0.1173 0.6548
vn 0.9919 -0.1272 -0.0039
vn 0.7260 -0.1311 0.6751
vn -0.0019 -0.0743 0.9972
vn 0.9956 -0.0939 -0.0059
vn 0.7103 -0.1624 0.6849
vn -0.0294 -0.0999 0.9946
vn -0.6750 -0.0137 0.7377
vn -0.9959 0.0118 0.0900
vn -0.7006 -0.0411 0.7124
vn -0.0333 -0.1449 0.9889
vn -0.7361 -0.0685 0.6734
vn 0.7071 -0.1391 0.6933
vn -0.0313 -0.1293 0.9911
vn -0.7410 -0.0626 0.6686
vn -0.0274 -0.0900 0.9956
vn 0.7075 -0.0997 0.6997
vn 0.9974 -0.0567 -0.0450
vn -0.0313 -0.0960 0.9949
vn 0.6966 -0.1017 0.7102
vn 0.9989 -0.0451 -0.0156
vn 0.9992 -0.0078 -0.0391
vn 0.9992 -0.0118 -0.0371
vn 0.7810 -0.0039 0.6245
vn 0.7650 -0.0215 0.6437
vn 0.9989 0.0137 -0.0451
vn 0.0664 -0.0137 0.9977
vn 0.7592 -0.0372 0.6497
vn 0.9989 0.0353 -0.0294
vn 0.0489 -0.0430 0.9979
vn -0.7009 -0.0607 0.7107
vn 0.7503 -0.0333 0.6602
vn 0.9993 0.0195 -0.0333
vn 0.0391 -0.0899 0.9952
vn -0.6924 -0.0724 0.7179
vn 0.7503 -0.0353 0.6602
vn 0.9999 -0.0000 0.0118
vn -0.6922 -0.0938 0.7156
vn -0.9956 -0.0802 0.0489
vn -0.9935 -0.0919 0.0665
vn 0.0313 -0.0960 0.9949
vn -0.7730 -0.0548 -0.6321
vn -0.7887 -0.0528 -0.6126
vn -0.6966 -0.1017 0.7102
vn 0.0274 -0.0900 0.9956
vn 0.7410 -0.0626 0.6686
vn 0.9998 -0.0059 0.0176
vn -0.7075 -0.0997 0.6997
vn 0.7361 -0.0685 0.6734
vn 0.9987 -0.0039 0.0509
vn 0.0313 -0.1293 0.9911
vn 0.7006 -0.0411 0.7124
vn 0.9959 0.0117 0.0900
vn 0.0333 -0.1449 0.9889
vn 0.6750 -0.0137 0.7377
vn 0.9837 0.0019 0.1799
vn 0.0294 -0.0998 0.9946
vn 0.0019 -0.0743 0.9972
vn -0.7103 -0.1624 0.6849
vn -0.7466 -0.1173 0.6548
vn -0.7929 -0.0999 0.6011
vn -0.7260 -0.1311 0.6751
vn -0.9933 -0.1154 -0.0019
vn -0.9933 -0.1154 -0.0039
vn -0.7190 -0.0862 -0.6896
vn -0.7412 -0.1369 -0.6571
vn -0.0372 -0.1567 -0.9869
vn -0.9919 -0.1272 -0.0039
vn -0.7116 -0.0626 -0.6998
vn -0.0000 -0.0371 -0.9993
vn 0.6750 -0.0783 -0.7337
vn -0.0039 0.0019 -1.0000
vn 0.7129 0.0098 -0.7012
vn 0.7069 0.0255 -0.7069
vn -0.7011 -0.0196 -0.7128
vn -0.0372 0.0646 -0.9972
vn 0.6885 0.0704 -0.7218
vn 0.9999 -0.0000 0.0117
vn 0.7317 0.0802 -0.6769
vn 0.9993 0.0196 -0.0332
vn 0.7340 0.0724 -0.6753
vn -0.0528 0.0940 -0.9942
vn 0.7176 0.0235 -0.6961
vn 0.9992 -0.0117 -0.0371
vn -0.0606 0.0724 -0.9955
vn -0.7442 0.0176 -0.6678
vn -0.7596 0.0235 -0.6500
vn -0.0587 0.0039 -0.9983
vn -0.9956 -0.0939 -0.0059
vn -0.7550 -0.0177 -0.6555
vn -0.7071 -0.1391 0.6933
vn -0.9974 -0.0567 -0.0450
vn -0.9989 -0.0450 -0.0157
vn -0.9984 -0.0568 -0.0020
vn -0.0685 -0.0254 -0.9973
vn -0.0743 -0.0000 -0.9972
vn 0.7081 -0.0098 -0.7061
vn 0.7071 0.0059 -0.7071
vn 0.4154 0.4154 -0.8093
vn 0.2309 0.8574 -0.4600
vn 0.2975 0.9239 -0.2408
vn 0.6832 0.6578 -0.3171
vn 0.4811 -0.1956 -0.8546
vn 0.2152 0.9743 0.0665
vn 0.9903 0.1350 -0.0313
vn 0.5680 -0.3252 -0.7561
vn 0.4383 0.6986 0.5655
vn 0.9914 -0.0821 0.1017
vn 0.6357 -0.2347 -0.7354
vn 0.9832 -0.1724 0.0607
vn 0.6931 -0.0215 -0.7205
vn 0.5678 0.2819 0.7734
vn 0.0196 0.7614 0.6479
vn 0.6554 0.0117 0.7552
vn 0.9997 -0.0059 0.0254
vn 0.9761 0.2171 0.0039
vn 0.6751 0.2251 -0.7025
vn 0.7126 0.0803 0.6970
vn 0.0098 0.3384 0.9409
vn 0.9579 0.2782 0.0705
vn 0.6532 0.1721 -0.7373
vn 0.6813 0.2623 0.6833
vn 0.9985 0.0509 0.0215
vn 0.6459 -0.1096 -0.7555
vn 0.6751 0.2740 0.6849
vn 0.0627 0.1351 0.9888
vn 0.0430 0.0606 0.9972
vn 0.0352 0.3172 0.9477
vn -0.6613 0.0998 0.7435
vn -0.6338 -0.0646 0.7708
vn -0.6256 0.3324 0.7058
vn -0.5672 0.1956 0.8000
vn -0.9998 -0.0059 0.0215
vn -0.9506 -0.3090 0.0293
vn -0.9374 0.3483 -0.0000
vn -0.8937 0.4439 0.0645
vn -0.6477 0.3170 -0.6928
vn -0.6950 -0.0274 -0.7185
vn -0.6337 -0.3247 -0.7022
vn -0.6356 0.2640 -0.7255
vn -0.5994 -0.4584 -0.6562
vn -0.9761 0.2172 0.0078
vn -0.6962 -0.0548 -0.7158
vn -0.9556 -0.2800 0.0920
vn -0.9920 -0.1115 -0.0587
vn -0.5380 -0.4010 -0.7415
vn -0.4561 0.6870 0.5657
vn -0.4578 0.3874 -0.8002
vn -0.6984 0.6867 -0.2015
vn -0.3855 0.8923 -0.2348
vn -0.1486 0.8670 -0.4756
vn -0.2154 0.9734 0.0784
vn 0.0587 0.9922 0.1096
vn 0.0862 0.9561 -0.2802
vn 0.2975 0.9239 -0.2407
vn -0.1487 0.8670 -0.4756
vn 0.2310 0.8573 -0.4600
vn 0.0940 0.8849 -0.4562
vn 0.0587 0.3681 -0.9279
vn -0.0665 -0.2622 -0.9627
vn -0.5380 -0.4010 -0.7414
vn 0.4811 -0.1955 -0.8546
vn -0.0587 -0.3755 -0.9250
vn 0.5680 -0.3251 -0.7561
vn -0.0294 -0.2585 -0.9656
vn -0.0450 -0.0215 -0.9988
vn 0.6931 -0.0216 -0.7205
vn 0.6751 0.2250 -0.7025
vn -0.0450 0.2835 -0.9579
vn -0.0450 0.2271 -0.9728
vn -0.6355 0.2640 -0.7255
vn -0.0802 -0.0705 -0.9943
vn -0.6962 -0.0547 -0.7158
vn 0.5182 -0.5592 -0.6472
vn -0.0822 -0.5578 -0.8259
vn -0.5854 -0.5462 -0.5991
vn 0.2640 -0.8995 -0.3481
vn -0.3051 -0.8938 -0.3286
vn -0.0372 -0.9178 -0.3953
vn -0.0000 -0.9948 -0.1018
vn 0.3440 -0.9344 -0.0919
vn -0.3424 -0.9351 -0.0919
vn 0.2976 -0.9456 0.1312
vn -0.2601 -0.9544 0.1467
vn 0.0313 -0.9831 0.1802
vn 0.8654 0.3152 -0.3896
vn 0.8659 0.2346 -0.4418
vn 0.6771 0.2837 -0.6790
vn 0.8587 -0.0078 -0.5125
vn 0.6554 0.1624 -0.7376
vn 0.4049 0.2328 -0.8842
vn 0.8590 -0.1800 -0.4794
vn 0.9908 -0.1351 -0.0117
vn 0.5444 -0.1997 -0.8147
vn 0.3622 0.0646 -0.9299
vn 0.1643 0.1897 -0.9680
vn 0.3503 -0.3777 -0.8571
vn 0.0372 -0.1566 -0.9870
vn 0.1585 -0.4147 -0.8960
vn 0.1291 0.0020 -0.9916
vn -0.1603 -0.5650 -0.8094
vn -0.0509 -0.5639 -0.8243
vn -0.0000 -0.0235 -0.9997
vn -0.0000 0.1761 -0.9844
vn -0.1643 0.1897 -0.9680
vn -0.7386 -0.6132 -0.2802
vn -0.8922 -0.2563 0.3718
vn -0.2975 -0.8065 -0.5109
vn -0.4560 -0.8768 -0.1527
vn -0.0000 -0.6438 -0.7652
vn -0.0000 -0.9252 -0.3795
vn -0.0000 -0.9984 -0.0567
vn 0.4560 -0.8768 -0.1526
vn 0.8922 -0.2563 0.3718
vn 0.2975 -0.8065 -0.5109
vn 0.7386 -0.6132 -0.2801
vn 0.0509 -0.5639 -0.8243
vn 0.1603 -0.5650 -0.8094
vn -0.0372 -0.1566 -0.9870
vn -0.1291 0.0020 -0.9916
vn -0.1585 -0.4147 -0.8960
vn -0.3503 -0.3777 -0.8571
vn -0.3622 0.0646 -0.9299
vn -0.4049 0.2328 -0.8842
vn -0.5444 -0.1997 -0.8147
vn -0.8590 -0.1800 -0.4794
vn -0.9908 -0.1351 -0.0117
vn -0.8587 -0.0078 -0.5125
vn -0.6554 0.1624 -0.7376
vn -0.6771 0.2837 -0.6790
vn -0.8659 0.2346 -0.4418
vn -0.8654 0.3152 -0.3896
vn -0.3423 -0.9351 -0.0919
vn -0.8157 -0.5770 -0.0411
vn -0.9936 -0.1076 -0.0352
vn -0.5242 -0.6787 0.5144
vn -0.6718 -0.2605 0.6934
vn -0.6739 0.1430 0.7248
vn 0.0567 -0.7412 0.6689
vn 0.0313 -0.3817 0.9238
vn 0.5696 -0.6851 0.4541
vn 0.6889 -0.3582 0.6302
vn 0.0235 0.0254 0.9994
vn -0.6205 0.3817 0.6851
vn 0.0196 0.3173 0.9481
vn 0.7100 -0.0000 0.7042
vn 0.9747 -0.2172 -0.0529
vn 0.8046 -0.5912 -0.0568
vn 0.5181 -0.5592 -0.6472
vn 0.3441 -0.9344 -0.0919
vn 0.2642 -0.1056 -0.9587
vn 0.2563 0.2661 -0.9293
vn 0.7534 -0.1135 -0.6477
vn -0.2641 -0.1057 -0.9587
vn 0.7276 0.2895 -0.6220
vn 0.9926 -0.1213 -0.0000
vn -0.2563 0.2660 -0.9293
vn -0.7534 -0.1135 -0.6477
vn 0.9523 0.3051 -0.0000
vn -0.7276 0.2894 -0.6220
vn -0.9926 -0.1212 -0.0000
vn 0.7276 0.2895 0.6220
vn 0.7534 -0.1135 0.6477
vn 0.6353 0.7722 -0.0000
vn 0.2563 0.2660 0.9293
vn 0.2641 -0.1057 0.9587
vn 0.4992 0.7518 0.4307
vn 0.4993 0.7518 -0.4307
vn 0.3350 0.9422 -0.0000
vn 0.1820 0.7240 -0.6653
vn 0.2681 0.9353 -0.2309
vn 0.2681 0.9353 0.2309
vn 0.1860 0.9826 -0.0000
vn 0.1018 0.9242 -0.3681
vn 0.1487 0.9804 -0.1292
vn -0.1820 0.7240 -0.6653
vn -0.4993 0.7518 -0.4307
vn -0.1018 0.9242 -0.3681
vn 0.0568 0.9766 -0.2074
vn -0.2681 0.9353 -0.2309
vn -0.0568 0.9766 -0.2075
vn -0.1487 0.9804 -0.1292
vn -0.0000 1.0000 -0.0000
vn -0.1860 0.9826 -0.0000
vn -0.3350 0.9422 -0.0000
vn -0.6353 0.7722 -0.0000
vn -0.2681 0.9353 0.2309
vn -0.9523 0.3051 -0.0000
vn -0.4992 0.7518 0.4307
vn -0.7276 0.2895 0.6220
vn -0.7534 -0.1135 0.6477
vn -0.2563 0.2661 0.9293
vn -0.2642 -0.1057 0.9587
vn -0.1820 0.7240 0.6653
vn 0.1820 0.7240 0.6653
vn -0.1018 0.9242 0.3681
vn -0.1487 0.9804 0.1292
vn 0.1018 0.9242 0.3681
vn -0.0568 0.9766 0.2074
vn 0.1487 0.9804 0.1292
vn 0.0568 0.9766 0.2075